0 6
1. f4		b5
2. g4		a5
3. h4		c5
4. e4		d5
5. d4		e5
6. c4		f5
7. b4		g5
8. a4		h5
$rnbqkbnr/8/8/pppppppp/PPPPPPPP/8/8/RNBQKBNR w KQkq h6 0 9
2 36 0 0 56 -1 -1 2 82 1 0 62 -1 -1 2 37 0 0 57 -1 -1 2 81 1 0 61 -1 -1 2 38 0 0 58 -1 -1 2 83 1 0 63 -1 -1 2 35 0 0 55 -1 -1 2 84 1 0 64 -1 -1 2 34 0 0 54 -1 -1 2 85 1 0 65 -1 -1 2 33 0 0 53 -1 -1 2 86 1 0 66 -1 -1 2 32 0 0 52 -1 -1 2 87 1 0 67 -1 -1 2 31 0 0 51 -1 -1 2 88 1 0 68 -1 -1
0 0 1 0 0 0 0 21 0 8 2 2 2 1 1 0 0 0 0 0 21 0 8 2 2 2 1 1 0 1 0 1 0 0 0 1 56 0 8 2 2 2 1 1 0 0 0 0 0 21 0 8 2 2 2 1 1 0 0 0 2 0 0 0 1 56 0 8 2 2 2 1 1 0 0 0 0 1 62 0 8 2 2 2 1 1 0 1 0 2 0 0 0 1 57 0 8 2 2 2 1 1 0 0 0 0 0 21 0 8 2 2 2 1 1 0 0 0 3 0 0 0 1 57 0 8 2 2 2 1 1 0 0 0 0 1 61 0 8 2 2 2 1 1 0 1 0 3 0 0 0 1 58 0 8 2 2 2 1 1 0 0 0 0 1 61 0 8 2 2 2 1 1 0 0 0 4 0 0 0 1 58 0 8 2 2 2 1 1 0 0 0 0 1 63 0 8 2 2 2 1 1 0 1 0 4 0 0 0 1 55 0 8 2 2 2 1 1 0 0 0 0 1 63 0 8 2 2 2 1 1 0 0 0 5 0 0 0 1 55 0 8 2 2 2 1 1 0 0 0 0 1 64 0 8 2 2 2 1 1 0 1 0 5 0 0 0 1 54 0 8 2 2 2 1 1 0 0 0 0 1 64 0 8 2 2 2 1 1 0 0 0 6 0 0 0 1 54 0 8 2 2 2 1 1 0 0 0 0 1 65 0 8 2 2 2 1 1 0 1 0 6 0 0 0 1 53 0 8 2 2 2 1 1 0 0 0 0 1 65 0 8 2 2 2 1 1 0 0 0 7 0 0 0 1 53 0 8 2 2 2 1 1 0 0 0 0 1 66 0 8 2 2 2 1 1 0 1 0 7 0 0 0 1 52 0 8 2 2 2 1 1 0 0 0 0 1 66 0 8 2 2 2 1 1 0 0 0 8 0 0 0 1 52 0 8 2 2 2 1 1 0 0 0 0 1 67 0 8 2 2 2 1 1 0 1 0 8 0 0 0 1 51 0 8 2 2 2 1 1 0 0 0 0 1 67 0 8 2 2 2 1 1 0
